%YAML:1.0
---
extrinsicRotation: !!opencv-matrix
   rows: 3
   cols: 3
   dt: d
   data: [ 1.4831561660083370e-02, -9.9986358661108965e-01,
       -7.2686276511622740e-03, 9.9976744522123151e-01,
       1.4715536158471321e-02, 1.5764151464019209e-02,
       -1.5655039269671565e-02, -7.5007442815244029e-03,
       9.9984931793780218e-01 ]
extrinsicTranslation: !!opencv-matrix
   rows: 3
   cols: 1
   dt: d
   data: [ -1.2555881498013070e-02, -6.3228320049186451e-02,
       -1.8278013730314508e-03 ]
